234.347|HeII-e|0.0078|100000000.0 
237.331|HeII-d|0.0139|100000000.0 
238.36|OIV 238|0.504|100000000.0 
243.027|HeII-g|0.029|100000000.0 
248.538|OIII 248|0.0664|100000000.0 
256.317|HeII-b|0.079|100000000.0 
257.385|FeXIV 257|0.293|100000000.0 
263.692|OIII 263.7|0.104|100000000.0 
264.257|OIII 264.2|0.0736|100000000.0 
266.967|OIII 267|0.118|100000000.0 
284.147|FeXV 284|0.824|100000000.0 
303.318|SiXI 303|0.265|100000000.0 
303.411|OIII 303|0.16|100000000.0 
303.7822|HeII-a|0.416|100000000.0 
305.596|OIII 305|0.47|100000000.0 
312.422|CIV 312.42|0.135|100000000.0 
312.453|CIV 312.45|0.0678|100000000.0 
335.407|FeXVI 335|0.265|100000000.0 
357.95|NeV 358|0.139|100000000.0 
357.969|CaIII 358|3.83|100000000.0 
368.071|MgIX 368|0.314|100000000.0 
374.005|OIII 374|0.0831|100000000.0 
374.204|NIII 374|0.441|100000000.0 
376.693|OII 376.69|0.029|100000000.0 
376.745|OII 376.74|0.0436|100000000.0 
386.2028|CIII 386|0.232|100000000.0 
386.261|FeV 386|0.173|100000000.0 
391.912|OII 391.91|0.0273|100000000.0 
391.943|OII 391.94|0.0548|100000000.0 
392.002|OII 392.00|0.0821|100000000.0 
399.82|NeVI 399.8|0.0844|100000000.0 
401.14|NeVI 401.1|0.168|100000000.0 
429.918|OII 429.9|0.0618|100000000.0 
430.041|OII 430.0|0.124|100000000.0 
430.177|OII 430.2|0.186|100000000.0 
445.0397|NeII 445.0|0.0195|100000000.0 
445.997|ArV 446|1.4|100000000.0 
446.2556|NeII 446|0.0974|100000000.0 
451.87|ArIV 451.9|1.04|100000000.0 
452.91|ArIV 452.9|1.56|100000000.0 
465.221|NeVII 465|0.389|100000000.0 
480.41|NeV 480|0.11|100000000.0 
488.108|NeIII 488|0.0438|100000000.0 
489.505|NeIII 489.5|0.131|100000000.0 
507.391|OIII 507|0.185|100000000.0 
512.0982|HeI-e|0.00883|100000000.0 
515.6165|HeI-d|0.0154|100000000.0 
522.2128|HeI-g|0.0307|100000000.0 
525.689|FeIV 525.7|0.183|100000000.0 
526.293|FeIV 526.2|0.138|100000000.0 
526.634|FeIV 526.6|0.0914|100000000.0 
533.5099|NII 533|0.299|100000000.0 
537.0296|HeI-b|0.0752|100000000.0 
539.0855|OII 539.1|0.0652|100000000.0 
539.5489|OII 539.5|0.0435|100000000.0 
539.8544|OII 539.8|0.0217|100000000.0 
541.127|NeIV 541|0.039|100000000.0 
542.073|NeIV 542|0.0779|100000000.0 
543.257|CII 543|0.0349|100000000.0 
543.891|NeIV 544|0.116|100000000.0 
553.33|OIV 553|0.112|100000000.0 
554.075|OIV 554|0.224|100000000.0 
560.2394|CII 560|0.0571|100000000.0 
568.42|NeV 568|0.0928|100000000.0 
584.334|HeI-a|0.285|100000000.0 
585.75|ArVII 586|1.24|100000000.0 
594.8|CII 595|0.117|100000000.0 
608.398|OIV 608|0.067|100000000.0 
609.79|MgX 610|0.0839|100000000.0 
624.95|MgX 625|0.041|100000000.0 
629.73|OV 630|0.515|100000000.0 
644.6337|NII 644|0.224|100000000.0 
657.34|SIV 657|1.18|100000000.0 
677.746|SIII 678|1.64|100000000.0 
684.996|NIII 684.9|0.135|100000000.0 
685.513|NIII 685.5|0.268|100000000.0 
687.0526|CII 687|0.336|100000000.0 
698.731|SIII 699|0.783|100000000.0 
702.332|OIII 702|0.137|100000000.0 
735.8962|NeI 736|0.149|100000000.0 
744.907|SIV 745|0.251|100000000.0 
748.4|SIV 748|0.5|100000000.0 
763.34|NIII 763|0.082|100000000.0 
763.657|SII 763.6|0.398|100000000.0 
764.42|SII 764.4|0.795|100000000.0 
765.148|NIV 765|0.616|100000000.0 
765.693|SII 766|1.19|100000000.0 
770.409|NeVIII 770|0.103|100000000.0 
780.324|NeVIII 780|0.0505|100000000.0 
786.48|SV 786|1.42|100000000.0 
787.711|OIV 788|0.111|100000000.0 
791.5136|OI 791.5|0.0155|100000000.0 
791.9732|OI 792|0.0464|100000000.0 
809.668|SIV 809|0.104|100000000.0 
832.7572|OII 832.7|0.0444|100000000.0 
832.927|OIII 833|0.107|100000000.0 
833.3294|OII 833.3|0.0886|100000000.0 
834.4655|OII 834.5|0.132|100000000.0 
858.0918|CII 858|0.0130|100000000.0 
859.723|FeIII 859.7|0.115|100000000.0 
877.7983|OI 877.8|0.0|100000000.0 
877.8787|OI 877.9|0.0589|100000000.0 
903.6235|CII 903.6|0.168|100000000.0 
903.9616|CII 903.9|0.336|100000000.0 
915.6131|NII 915|0.16|100000000.0 
913.8260|Ly20|0.000170|100000000.0
914.0390|Ly19|0.000197|100000000.0 
914.2860|Ly18|0.00022967|5076.7
914.5760|Ly17|0.000027035|6654.0		
914.919|Ly16 914.9|0.00032124|8857.4
915.329|Lyomicron 915.3|0.000386|11997.0 
915.824|Lyxi 915.8|0.000469|16570.0 
916.429|Lynu 916|0.000578|23410.0 
917.1806|Lymu 917|0.000723|33930.0 
918.1294|Lylambda 918|0.000921|50690.0 
919.3514|Lykappa 919|0.0012|78340.0 
920.9631|Lyiota 921|0.0016|126300.0 
923.1504|Lytheta 923|0.00222|214500.0 
926.2257|Lyeta 926|0.00319|387000.0 
930.7483|Lyzeta 931|0.00482|756000.0 
933.378|SVI 933|0.445|100000000.0 
937.8035|Lye 938|0.0078|1640000.0 
944.523|SVI 944|0.22|100000000.0 
945.191|CI 945|0.152|100000000.0 
949.7431|Lyd 950|0.0139|4120000.0 
971.738|OI 971|0.0|100000000.0 
972.5368|Lyg|0.029|12700000.0 
977.02|CIII 977|0.767|1760000000.0 
988.5778|OI 988.5|0.000535|400000000.0 
988.6549|OI 988.6|0.00083|400000000.0 
988.7734|OI 988.8|0.0449|400000000.0 
989.799|NIII 990|0.122|500000000.0 
1020.6989|SiII 1020|0.171|1040000000.0 
1025.7223|Lyb 1026|0.079|189700000.0 
1025.76|OI 1026|0.0158|189700000.0 
1031.9261|OVI 1032|0.133|414900000.0 
1036.3367|CII 1036|0.122|2200000000.0 
1037.6167|OVI 1038|0.0661|407600000.0 
1039.2304|OI 1039|0.00904|187000000.0 
1048.2199|ArI 1048|0.244|31800000.0 
1081.935|FeII 1082|3.13e-05|374000000.0 
1083.9937|NII 1084|0.109|374000000.0 
1122.524|FeIII 1122|0.0797|100000000.0 
1134.17|NI 1134.2|0.004|100000000.0 
1134.41|NI 1134.4|0.008|100000000.0 
1134.98|NI 1135|0.012|100000000.0 
1142.3656|FeII 1142|0.005|300000000.0 
1143.226|FeII 1143|0.0133|300000000.0 
1144.9379|FeII 1144|0.105|300000000.0 
1152.818|PII 1153|0.236|1230000000.0 
1190.4158|SiII 1190|0.293|4080000000.0 
1193.2897|SiII 1193|0.584|4070000000.0
1199.5496|NI 1199.5|0.163|407000000.0 
1200.2233|NI 1200.2|0.108|402000000.0 
1200.7098|NI 1200.7|0.0541|400000000.0 
1206.5|SiIII 1206.5|1.68|2480000000.0 
1215.6701|Lya 1216|0.416|626500000.0 
1238.821|NV 1239|0.157|339100000.0 
1242.804|NV 1243|0.078|335600000.0 
1250.58|SII 1250|0.005|100000000.0
1253.8050|SII 1254|0.0103|100000000.0 
1259.52|SII 1259|0.015|100000000.0
1260.4221|SiII 1260|1.18|2950000000.0 
1277.2454|CI 1277|0.107|232000000.0 
1302.1685|OI 1302|0.0504|565000000.0 
1304.3702|SiII 1304|0.0871|1010000000.0 
1334.5323|CII 1334|0.127|288000000.0 
1335.6627|CII* 1335.66|0.0128|100000000.0
1335.7077|CII* 1335.71|0.115|100000000.0
1345.878|NiII 1346|0.00643|100000000.0
1370.1320|NiII 1370|0.131|100000000.0
1393.755|SiIV 1394|0.524|880000000.0 
1402.77|SiIV 1402|0.26|862000000.0 
1526.7066|SiII 1527|0.132|1130000000.0 
1548.195|CIV 1548|0.19|264300000.0 
1550.77|CIV 1550|0.0952|262800000.0 
1560.3092|CI 1560|0.0714|127000000.0 
1608.4511|FeII 1608|0.0619|274000000.0 
1614.566|SiI 1614|0.0293|286000000.0 
1625.7051|SiI 1626|0.0851|286000000.0 
1631.1705|SiI 1631|0.205|286000000.0 
1656.9283|CI 1657|0.148|360000000.0 
1670.7874|AlII 1670|1.81|1390000000.0 
1854.7164|AlIII 1855|0.0|542000000.0 
1862.7895|AlIII 1863|0.0|534000000.0 
2344.214|FeII 2344|0.0|268000000.0 
2374.4612|FeII 2374|0.0313|309000000.0 
2382.765|FeII 2383|0.0|313000000.0 
2484.0205|FeI 2484|0.0|282000000.0 
2586.65|FeII 2586|0.0|272000000.0 
2600.1729|FeII 2600|0.239|270000000.0 
2796.352|MgII 2796|0.0|262500000.0 
2803.531|MgII 2803|0.0|259500000.0 
2852.9642|MgI 2853|0.0|500000000.0 
